PART_ID     X_COORD(m)       Y_COORD(m)       Z_COORD(m)    thickness(m) Permeability(m2)
    1       0.00000000     173.12548828      10.00000000     1.000E-06     1.0655E-13
    1       0.00000000     150.79248047       0.00000000     1.000E-06     1.0655E-13
    1       4.93750000     134.35717773       0.00000000     1.000E-06     1.0655E-13
    1      11.09082031     136.20556641      10.00000000     1.000E-06     1.0655E-13
    1       0.00000000     173.12548828      10.00000000     1.000E-06     1.0655E-13
    2       0.00000000     155.10839844      10.00000000     8.000E-05     5.2066E-10
    2      14.72070312     200.00000000      10.00000000     8.000E-05     5.2066E-10
    2      11.20263672     200.00000000       0.00000000     8.000E-05     5.2066E-10
    2       0.00000000     165.83593750       0.00000000     8.000E-05     5.2066E-10
    2       0.00000000     155.10839844      10.00000000     8.000E-05     5.2066E-10
    3       1.42236328     186.96289062       0.00000000     7.800E-05     4.9739E-10
    3       4.80468750     188.36572266      10.00000000     7.800E-05     4.9739E-10
    3       0.00000000     199.94384766      10.00000000     7.800E-05     4.9739E-10
    3       0.00000000     190.39013672       0.00000000     7.800E-05     4.9739E-10
    3       1.42236328     186.96289062       0.00000000     7.800E-05     4.9739E-10
    4      19.70507812     126.37915039      10.00000000     1.280E-04     1.3556E-09
    4       6.77490234     200.00000000      10.00000000     1.280E-04     1.3556E-09
    4       3.75390625     200.00000000       0.00000000     1.280E-04     1.3556E-09
    4      16.77490234     125.86450195       0.00000000     1.280E-04     1.3556E-09
    4      19.70507812     126.37915039      10.00000000     1.280E-04     1.3556E-09
    5      12.10546875     176.44775391       0.00000000     2.000E-06     3.4513E-13
    5      16.02978516     178.88037109      10.00000000     2.000E-06     3.4513E-13
    5       0.00000000     200.00000000       4.59863281     2.000E-06     3.4513E-13
    5       0.00000000     195.97070312       0.00000000     2.000E-06     3.4513E-13
    5      12.10546875     176.44775391       0.00000000     2.000E-06     3.4513E-13

